 7f 45 4c 46 01 01 01 00 00 00 00 00 00 00 00 00
 02 00 28 00 01 00 00 00 b9 86 00 00 34 00 00 00
 dc 21 00 00 02 00 00 05 34 00 20 00 09 00 28 00
 1c 00 1b 00 01 00 00 70 d8 0f 00 00 d8 8f 00 00
 d8 8f 00 00 08 00 00 00 08 00 00 00 04 00 00 00
 04 00 00 00 06 00 00 00 34 00 00 00 34 80 00 00
 34 80 00 00 20 01 00 00 20 01 00 00 05 00 00 00
 04 00 00 00 03 00 00 00 54 01 00 00 54 81 00 00
 54 81 00 00 19 00 00 00 19 00 00 00 04 00 00 00
 01 00 00 00 01 00 00 00 00 00 00 00 00 80 00 00
 00 80 00 00 e4 0f 00 00 e4 0f 00 00 05 00 00 00
 00 80 00 00 01 00 00 00 04 1f 00 00 04 1f 01 00
 04 1f 01 00 7c 01 00 00 b4 01 00 00 06 00 00 00
 00 80 00 00 02 00 00 00 10 1f 00 00 10 1f 01 00
 10 1f 01 00 f0 00 00 00 f0 00 00 00 06 00 00 00
 04 00 00 00 04 00 00 00 70 01 00 00 70 81 00 00
 70 81 00 00 44 00 00 00 44 00 00 00 04 00 00 00
 04 00 00 00 51 e5 74 64 00 00 00 00 00 00 00 00
 00 00 00 00 00 00 00 00 00 00 00 00 06 00 00 00
 04 00 00 00 52 e5 74 64 04 1f 00 00 04 1f 01 00
 04 1f 01 00 fc 00 00 00 fc 00 00 00 04 00 00 00
 01 00 00 00 2f 6c 69 62 2f 6c 64 2d 6c 69 6e 75
 78 2d 61 72 6d 68 66 2e 73 6f 2e 33 00 00 00 00
 04 00 00 00 10 00 00 00 01 00 00 00 47 4e 55 00
 00 00 00 00 02 00 00 00 06 00 00 00 1f 00 00 00
 04 00 00 00 14 00 00 00 03 00 00 00 47 4e 55 00
 c0 d5 0e c7 ff 27 b0 47 f9 11 f7 5c 3d ab 66 ae
 4a ea ef 9c 11 00 00 00 02 00 00 00 04 00 00 00
 07 00 00 00 00 00 42 00 91 44 a0 b1 02 16 19 4d
 00 60 84 25 02 00 00 00 03 00 00 00 00 00 00 00
 04 00 00 00 07 00 00 00 09 00 00 00 0a 00 00 00
 0b 00 00 00 00 00 00 00 00 00 00 00 0d 00 00 00
 0e 00 00 00 0f 00 00 00 10 00 00 00 00 00 00 00
 12 00 00 00 14 00 00 00 ab aa d7 7d 77 d7 9b 7c
 26 22 15 4f 50 b5 a8 10 7d ed 11 0f 3e 7e 96 7c
 73 3c 94 7c ed de 93 1c 2f 4e 3d f6 52 8c 28 21
 bd ee 90 ca a1 9f a9 0f 5f 96 93 1c 11 7b 9c 7c
 c8 39 40 1f 5b 9a 3b 0f b8 2b 6b 15 41 4d 9d 7c
 21 62 64 07 00 00 00 00 00 00 00 00 00 00 00 00
 00 00 00 00 01 00 00 00 00 00 00 00 00 00 00 00
 20 00 00 00 69 00 00 00 d0 85 00 00 00 00 00 00
 12 00 00 00 96 00 00 00 64 86 00 00 00 00 00 00
 12 00 00 00 3d 00 00 00 0c 86 00 00 00 00 00 00
 12 00 00 00 b4 00 00 00 88 86 00 00 00 00 00 00
 12 00 00 00 50 00 00 00 a0 86 00 00 00 00 00 00
 12 00 00 00 1a 00 00 00 70 86 00 00 00 00 00 00
 12 00 00 00 8b 00 00 00 94 86 00 00 00 00 00 00
 12 00 00 00 5d 00 00 00 e8 85 00 00 00 00 00 00
 12 00 00 00 a2 00 00 00 48 86 00 00 00 00 00 00
 12 00 00 00 84 00 00 00 30 86 00 00 00 00 00 00
 12 00 00 00 35 00 00 00 7c 86 00 00 00 00 00 00
 12 00 00 00 7e 00 00 00 24 86 00 00 00 00 00 00
 12 00 00 00 9b 00 00 00 dc 85 00 00 00 00 00 00
 12 00 00 00 1f 00 00 00 3c 86 00 00 00 00 00 00
 12 00 00 00 24 00 00 00 18 86 00 00 00 00 00 00
 12 00 00 00 90 00 00 00 ac 86 00 00 00 00 00 00
 12 00 00 00 56 00 00 00 f4 85 00 00 00 00 00 00
 12 00 00 00 64 00 00 00 00 86 00 00 00 00 00 00
 12 00 00 00 ce 00 00 00 80 20 01 00 04 00 00 00
 11 00 18 00 00 5f 5f 67 6d 6f 6e 5f 73 74 61 72
 74 5f 5f 00 6c 69 62 63 2e 73 6f 2e 36 00 65 78
 69 74 00 70 75 74 73 00 5f 5f 73 74 61 63 6b 5f
 63 68 6b 5f 66 61 69 6c 00 70 75 74 63 68 61 72
 00 70 74 68 72 65 61 64 5f 6d 75 74 65 78 5f 6c
 6f 63 6b 00 61 62 6f 72 74 00 70 72 69 6e 74 66
 00 73 74 72 74 6f 6c 00 72 65 61 64 00 70 74 68
 72 65 61 64 5f 6d 75 74 65 78 5f 75 6e 6c 6f 63
 6b 00 69 6f 63 74 6c 00 75 73 6c 65 65 70 00 61
 74 6f 69 00 63 6c 6f 73 65 00 6f 70 65 6e 00 73
 74 72 63 6d 70 00 5f 5f 6c 69 62 63 5f 73 74 61
 72 74 5f 6d 61 69 6e 00 77 72 69 74 65 00 6c 64
 2d 6c 69 6e 75 78 2d 61 72 6d 68 66 2e 73 6f 2e
 33 00 5f 5f 73 74 61 63 6b 5f 63 68 6b 5f 67 75
 61 72 64 00 47 4c 49 42 43 5f 32 2e 34 00 00 00
 00 00 02 00 02 00 02 00 02 00 02 00 02 00 02 00
 02 00 02 00 02 00 02 00 02 00 02 00 02 00 02 00
 02 00 02 00 02 00 03 00 01 00 01 00 ba 00 00 00
 10 00 00 00 20 00 00 00 14 69 69 0d 00 00 03 00
 e0 00 00 00 00 00 00 00 01 00 01 00 10 00 00 00
 10 00 00 00 00 00 00 00 14 69 69 0d 00 00 02 00
 e0 00 00 00 00 00 00 00 58 20 01 00 15 01 00 00
 80 20 01 00 14 14 00 00 0c 20 01 00 16 02 00 00
 10 20 01 00 16 0e 00 00 14 20 01 00 16 09 00 00
 18 20 01 00 16 12 00 00 1c 20 01 00 16 13 00 00
 20 20 01 00 16 04 00 00 24 20 01 00 16 10 00 00
 28 20 01 00 16 0d 00 00 2c 20 01 00 16 0b 00 00
 30 20 01 00 16 0f 00 00 34 20 01 00 16 0a 00 00
 38 20 01 00 16 01 00 00 3c 20 01 00 16 03 00 00
 40 20 01 00 16 07 00 00 44 20 01 00 16 0c 00 00
 48 20 01 00 16 05 00 00 4c 20 01 00 16 08 00 00
 50 20 01 00 16 06 00 00 54 20 01 00 16 11 00 00
 08 b5 00 f0 9d f8 00 bf 08 bd 00 00 04 e0 2d e5
 04 e0 9f e5 0e e0 8f e0 08 f0 be e5 34 9a 00 00
 00 c6 8f e2 09 ca 8c e2 34 fa bc e5 00 c6 8f e2
 09 ca 8c e2 2c fa bc e5 00 c6 8f e2 09 ca 8c e2
 24 fa bc e5 00 c6 8f e2 09 ca 8c e2 1c fa bc e5
 00 c6 8f e2 09 ca 8c e2 14 fa bc e5 00 c6 8f e2
 09 ca 8c e2 0c fa bc e5 00 c6 8f e2 09 ca 8c e2
 04 fa bc e5 00 c6 8f e2 09 ca 8c e2 fc f9 bc e5
 00 c6 8f e2 09 ca 8c e2 f4 f9 bc e5 00 c6 8f e2
 09 ca 8c e2 ec f9 bc e5 00 c6 8f e2 09 ca 8c e2
 e4 f9 bc e5 78 47 c0 46 00 c6 8f e2 09 ca 8c e2
 d8 f9 bc e5 00 c6 8f e2 09 ca 8c e2 d0 f9 bc e5
 00 c6 8f e2 09 ca 8c e2 c8 f9 bc e5 00 c6 8f e2
 09 ca 8c e2 c0 f9 bc e5 00 c6 8f e2 09 ca 8c e2
 b8 f9 bc e5 00 c6 8f e2 09 ca 8c e2 b0 f9 bc e5
 00 c6 8f e2 09 ca 8c e2 a8 f9 bc e5 00 c6 8f e2
 09 ca 8c e2 a0 f9 bc e5 4f f0 00 0b 4f f0 00 0e
 5d f8 04 1b 6a 46 4d f8 04 2d 4d f8 04 0d df f8
 14 c0 4d f8 04 cd 04 48 04 4b ff f7 b6 ef ff f7
 e0 ef 00 00 45 8d 00 00 bd 8b 00 00 01 8d 00 00
 03 4b 04 4a 7b 44 9b 58 0b b1 ff f7 ab bf 70 47
 08 99 00 00 58 00 00 00 02 4b 1a 78 0a b9 01 22
 1a 70 70 47 84 20 01 00 03 48 08 b5 03 68 13 b1
 02 4b 03 b1 98 47 08 bd 0c 1f 01 00 00 00 00 00
 80 b5 82 b0 00 af 78 60 42 f2 a0 00 c0 f2 01 00
 ff f7 64 ef 78 68 42 f2 64 01 c0 f2 01 01 4f f0
 01 02 ff f7 9a ef 78 68 42 f2 68 01 c0 f2 01 01
 4f f0 01 02 ff f7 90 ef 42 f2 a0 00 c0 f2 01 00
 ff f7 2e ef 07 f1 08 07 bd 46 80 bd 80 b5 82 b0
 00 af 78 60 39 60 38 68 ff f7 d2 ff 42 f2 a0 00
 c0 f2 01 00 ff f7 3a ef 38 68 42 f2 74 01 c0 f2
 01 01 4f f0 01 02 ff f7 70 ef 38 68 79 68 4f f0
 01 02 ff f7 26 ef 42 f2 a0 00 c0 f2 01 00 ff f7
 08 ef 07 f1 08 07 bd 46 80 bd 00 bf 80 b5 82 b0
 00 af 78 60 39 60 38 68 ff f7 aa ff 42 f2 a0 00
 c0 f2 01 00 ff f7 12 ef 38 68 42 f2 70 01 c0 f2
 01 01 4f f0 01 02 ff f7 48 ef 38 68 79 68 4f f0
 01 02 ff f7 fe ee 42 f2 a0 00 c0 f2 01 00 ff f7
 e0 ee 4a f2 20 10 c0 f2 07 00 ff f7 0a ef 07 f1
 08 07 bd 46 80 bd 00 bf 80 b5 82 b0 00 af 78 60
 39 60 38 68 ff f7 7c ff 42 f2 a0 00 c0 f2 01 00
 ff f7 e4 ee 38 68 42 f2 6c 01 c0 f2 01 01 4f f0
 01 02 ff f7 1a ef 38 68 79 68 4f f0 01 02 ff f7
 14 ef 42 f2 a0 00 c0 f2 01 00 ff f7 b2 ee 4a f2
 20 10 c0 f2 07 00 ff f7 dc ee 07 f1 08 07 bd 46
 80 bd 00 bf 80 b5 82 b0 00 af 78 60 78 68 ff f7
 4f ff 42 f2 a0 00 c0 f2 01 00 ff f7 b8 ee 78 68
 42 f2 78 01 c0 f2 01 01 4f f0 01 02 ff f7 ec ee
 42 f2 a0 00 c0 f2 01 00 ff f7 8a ee 4a f2 20 10
 c0 f2 07 00 ff f7 b4 ee 07 f1 08 07 bd 46 80 bd
 80 b5 82 b0 00 af 78 60 78 68 ff f7 29 ff 48 f6
 64 53 c0 f2 00 03 18 46 48 f6 cc 71 c0 f2 00 01
 ff f7 80 ee 42 f2 a0 00 c0 f2 01 00 ff f7 86 ee
 78 68 42 f2 7c 01 c0 f2 01 01 4f f0 01 02 ff f7
 bc ee 42 f2 a0 00 c0 f2 01 00 ff f7 5a ee 4f f4
 1f 50 c0 f2 09 00 ff f7 84 ee 07 f1 08 07 bd 46
 80 bd 00 bf 80 b5 90 b0 00 af 78 60 42 f2 80 03
 c0 f2 01 03 1b 68 fb 63 4f f0 00 03 fb 74 48 f6
 70 52 c0 f2 00 02 07 f1 14 03 10 68 51 68 03 c3
 11 89 92 7a 19 80 9a 70 07 f1 14 03 18 46 4f f0
 02 01 ff f7 78 ee f8 60 fb 68 00 2b 09 da 48 f6
 7c 50 c0 f2 00 00 ff f7 5a ee 4f f0 01 00 ff f7
 70 ee 42 f2 88 00 c0 f2 01 00 ff f7 38 ee 48 f6
 54 53 c0 f2 00 03 7a 68 53 f8 22 30 4f ea 63 03
 f8 68 40 f2 03 71 1a 46 ff f7 34 ee 03 46 00 2b
 09 d0 48 f6 94 50 c0 f2 00 00 ff f7 38 ee 4f f0
 01 00 ff f7 4e ee 07 f1 13 03 18 46 f9 68 ff f7
 cd fe fb 7c 03 2b 09 d0 48 f6 c8 50 c0 f2 00 00
 ff f7 24 ee 4f f0 01 00 ff f7 3a ee fb 68 18 46
 42 f2 80 03 c0 f2 01 03 fa 6b 1b 68 9a 42 01 d0
 ff f7 02 ee 07 f1 40 07 bd 46 80 bd 80 b5 84 b0
 00 af 78 60 4f f0 00 03 fb 73 78 68 ff f7 82 ff
 b8 60 07 f1 0f 03 18 46 b9 68 ff f7 c7 fe 48 f6
 dc 53 c0 f2 00 03 7a 68 02 f1 01 01 fa 7b 18 46
 ff f7 d0 ed 42 f2 88 00 c0 f2 01 00 ff f7 b8 ed
 b8 68 ff f7 24 ee 07 f1 10 07 bd 46 80 bd 00 bf
 80 b5 82 b0 00 af 4f f0 00 03 7b 60 0a e0 4f f0
 0a 00 ff f7 fc ed 78 68 ff f7 c8 ff 7b 68 03 f1
 01 03 7b 60 7b 68 03 2b f1 dd 07 f1 08 07 bd 46
 80 bd 00 bf 80 b5 84 b0 00 af 78 60 0b 46 fb 70
 4f f0 00 03 fb 73 78 68 ff f7 3c ff b8 60 48 f6
 f8 53 c0 f2 00 03 18 46 ff f7 94 ed 07 f1 0f 03
 18 46 b9 68 ff f7 7a fe 48 f6 08 63 c0 f2 00 03
 7a 68 02 f1 01 01 fa 7b 18 46 ff f7 84 ed 48 f6
 28 63 c0 f2 00 03 7a 68 02 f1 01 02 18 46 11 46
 ff f7 78 ed 07 f1 03 03 18 46 b9 68 ff f7 8c fe
 48 f6 f8 53 c0 f2 00 03 18 46 ff f7 6c ed 07 f1
 0f 03 18 46 b9 68 ff f7 51 fe 48 f6 08 63 c0 f2
 00 03 7a 68 02 f1 01 01 fa 7b 18 46 ff f7 5a ed
 42 f2 88 00 c0 f2 01 00 ff f7 42 ed fa 7b fb 78
 9a 42 09 d0 48 f6 48 60 c0 f2 00 00 ff f7 6e ed
 4f f0 01 00 ff f7 84 ed 48 f6 70 60 c0 f2 00 00
 ff f7 64 ed b8 68 ff f7 9a ed 07 f1 10 07 bd 46
 80 bd 00 bf 80 b5 00 af 48 f6 8c 60 c0 f2 00 00
 ff f7 54 ed 48 f6 94 60 c0 f2 00 00 ff f7 4e ed
 48 f6 c0 60 c0 f2 00 00 ff f7 48 ed 48 f6 f8 60
 c0 f2 00 00 ff f7 42 ed 80 bd 00 bf 80 b5 84 b0
 00 af 78 60 39 60 7b 68 01 2b 0c d1 48 f6 2c 73
 c0 f2 00 03 18 46 ff f7 0e ed ff f7 49 ff 4f f0
 0a 00 ff f7 4c ed 7b 68 01 2b 46 dd 3b 68 03 f1
 04 03 1b 68 18 46 48 f6 44 71 c0 f2 00 01 ff f7
 ee ec 03 46 00 2b 05 d1 ff f7 bc ff 4f f0 01 00
 ff f7 2e ed 3b 68 03 f1 04 03 1b 68 18 46 ff f7
 3a ed b8 60 bb 68 04 2b 02 dc bb 68 00 2b 0b d1
 48 f6 4c 70 c0 f2 00 00 ff f7 00 ed ff f7 a2 ff
 4f f0 01 00 ff f7 14 ed bb 68 03 f1 ff 33 bb 60
 7b 68 02 2b 11 d1 48 f6 70 73 c0 f2 00 03 ba 68
 02 f1 01 02 18 46 11 46 ff f7 c4 ec b8 68 ff f7
 d5 fe 4f f0 0a 00 ff f7 02 ed 7b 68 03 2b 2b d1
 3b 68 03 f1 08 03 1b 68 18 46 4f f0 00 01 4f f0
 10 02 ff f7 aa ec 03 46 fe 2b 0b dd 48 f6 8c 70
 c0 f2 00 00 ff f7 ca ec ff f7 6c ff 4f f0 01 00
 ff f7 de ec 3b 68 03 f1 08 03 1b 68 18 46 4f f0
 00 01 4f f0 10 02 ff f7 90 ec 03 46 fb 73 fb 7b
 b8 68 19 46 ff f7 e6 fe 7b 68 03 2b 0b dd 48 f6
 b8 70 c0 f2 00 00 ff f7 aa ec ff f7 4b ff 4f f0
 01 00 ff f7 be ec 07 f1 10 07 bd 46 80 bd 00 bf
 2d e9 f8 43 06 46 0d 4d 0f 46 df f8 34 90 90 46
 7d 44 ff f7 4d fc f9 44 c5 eb 09 09 5f ea a9 09
 0a d0 04 3d 00 24 55 f8 04 3f 30 46 39 46 42 46
 01 34 98 47 4c 45 f6 d1 bd e8 f8 83 f0 91 00 00
 ee 91 00 00 70 47 00 bf 08 b5 00 bf 08 bd 00 00
 01 00 02 00 a0 00 00 00 a2 00 00 00 a4 00 00 00
 a6 00 00 00 0a 2d 2d 2d 20 25 73 0a 00 00 00 00
 2f 64 65 76 2f 69 32 63 2d 30 00 00 46 61 69 6c
 65 64 20 74 6f 20 6f 70 65 6e 20 74 68 65 20 62
 75 73 00 00 46 61 69 6c 65 64 20 74 6f 20 61 63
 71 75 69 72 65 20 62 75 73 20 61 63 63 65 73 73
 20 61 6e 64 2f 6f 72 20 74 61 6c 6b 20 74 6f 20
 73 6c 61 76 65 2e 00 00 57 72 6f 6e 67 20 50 49
 43 20 76 65 72 73 69 6f 6e 00 00 00 63 68 61 69
 6e 20 25 69 3a 20 76 6f 6c 74 61 67 65 20 3d 20
 30 78 25 30 32 78 00 00 52 65 61 64 69 6e 67 20
 76 6f 6c 74 61 67 65 00 0a 63 68 61 69 6e 20 25
 69 3a 20 76 6f 6c 74 61 67 65 20 3d 20 30 78 25
 30 32 78 0a 00 00 00 00 53 65 74 74 69 6e 67 20
 76 6f 6c 74 61 67 65 20 6f 6e 20 63 68 61 69 6e
 20 25 69 0a 00 00 00 00 45 52 52 4f 52 3a 20 56
 6f 6c 74 61 67 65 20 77 61 73 20 6e 6f 74 20 73
 75 63 63 65 73 73 66 75 6c 6c 79 20 73 65 74 00
 53 75 63 63 65 73 73 3a 20 56 6f 6c 74 61 67 65
 20 75 70 64 61 74 65 64 21 00 00 00 55 73 61 67
 65 3a 00 00 2e 2f 73 65 74 5f 76 6f 6c 74 61 67
 65 20 5b 63 68 61 69 6e 23 20 31 2d 34 5d 20 5b
 76 6f 6c 74 61 67 65 20 69 6e 20 68 65 78 5d 00
 49 66 20 6e 6f 20 76 6f 6c 74 61 67 65 20 69 73
 20 67 69 76 65 6e 2c 20 76 6f 6c 74 61 67 65 20
 69 73 20 72 65 61 64 20 6f 75 74 20 66 72 6f 6d
 20 63 68 61 69 6e 2e 00 49 66 20 6e 6f 20 63 68
 61 69 6e 20 69 73 20 67 69 76 65 6e 2c 20 61 6c
 6c 20 63 68 61 69 6e 73 20 77 69 6c 6c 20 62 65
 20 72 65 61 64 20 6f 75 74 2e 00 00 52 65 61 64
 69 6e 67 20 61 6c 6c 20 76 6f 6c 74 61 67 65 73
 00 00 00 00 68 65 6c 70 00 00 00 00 49 6e 76 61
 6c 69 64 20 63 68 61 69 6e 20 23 2c 20 76 61 6c
 69 64 20 72 61 6e 67 65 20 31 2d 34 00 00 00 00
 52 65 61 64 69 6e 67 20 76 6f 6c 74 61 67 65 20
 63 68 61 69 6e 20 25 69 3a 0a 00 00 49 6e 76 61
 6c 69 64 20 68 65 78 20 76 6f 6c 74 61 67 65 2c
 20 76 61 6c 69 64 20 72 61 6e 67 65 20 30 78 30
 30 2d 30 78 66 65 00 00 49 6e 63 6f 72 72 65 63
 74 20 61 72 67 75 6d 65 6e 74 73 00 70 69 63 5f
 72 65 73 65 74 00 00 00 e0 f6 ff 7f 01 00 00 00
 00 00 00 00 00 00 00 00 00 00 00 00 00 00 00 00
 00 00 00 00 00 00 00 00 00 00 00 00 00 00 00 00
 00 00 00 00 00 00 00 00 00 00 00 00 00 00 00 00
 00 00 00 00 00 00 00 00 00 00 00 00 00 00 00 00
 00 00 00 00 00 00 00 00 00 00 00 00 00 00 00 00
 00 00 00 00 00 00 00 00 00 00 00 00 00 00 00 00
 00 00 00 00 00 00 00 00 00 00 00 00 00 00 00 00
 00 00 00 00 00 00 00 00 00 00 00 00 00 00 00 00
 00 00 00 00 00 00 00 00 00 00 00 00 00 00 00 00
 00 00 00 00 00 00 00 00 00 00 00 00 00 00 00 00
 00 00 00 00 00 00 00 00 00 00 00 00 00 00 00 00
 00 00 00 00 00 00 00 00 00 00 00 00 00 00 00 00
 00 00 00 00 00 00 00 00 00 00 00 00 00 00 00 00
 00 00 00 00 00 00 00 00 00 00 00 00 00 00 00 00
 00 00 00 00 00 00 00 00 00 00 00 00 00 00 00 00
 00 00 00 00 00 00 00 00 00 00 00 00 00 00 00 00
 00 00 00 00 00 00 00 00 00 00 00 00 00 00 00 00
 00 00 00 00 00 00 00 00 00 00 00 00 00 00 00 00
 00 00 00 00 00 00 00 00 00 00 00 00 00 00 00 00
 00 00 00 00 00 00 00 00 00 00 00 00 00 00 00 00
 00 00 00 00 00 00 00 00 00 00 00 00 00 00 00 00
 00 00 00 00 00 00 00 00 00 00 00 00 00 00 00 00
 00 00 00 00 00 00 00 00 00 00 00 00 00 00 00 00
 00 00 00 00 00 00 00 00 00 00 00 00 00 00 00 00
 00 00 00 00 00 00 00 00 00 00 00 00 00 00 00 00
 00 00 00 00 00 00 00 00 00 00 00 00 00 00 00 00
 00 00 00 00 00 00 00 00 00 00 00 00 00 00 00 00
 00 00 00 00 00 00 00 00 00 00 00 00 00 00 00 00
 00 00 00 00 00 00 00 00 00 00 00 00 00 00 00 00
 00 00 00 00 00 00 00 00 00 00 00 00 00 00 00 00
 00 00 00 00 00 00 00 00 00 00 00 00 00 00 00 00
 00 00 00 00 00 00 00 00 00 00 00 00 00 00 00 00
 00 00 00 00 00 00 00 00 00 00 00 00 00 00 00 00
 00 00 00 00 00 00 00 00 00 00 00 00 00 00 00 00
 00 00 00 00 00 00 00 00 00 00 00 00 00 00 00 00
 00 00 00 00 00 00 00 00 00 00 00 00 00 00 00 00
 00 00 00 00 00 00 00 00 00 00 00 00 00 00 00 00
 00 00 00 00 00 00 00 00 00 00 00 00 00 00 00 00
 00 00 00 00 00 00 00 00 00 00 00 00 00 00 00 00
 00 00 00 00 00 00 00 00 00 00 00 00 00 00 00 00
 00 00 00 00 00 00 00 00 00 00 00 00 00 00 00 00
 00 00 00 00 00 00 00 00 00 00 00 00 00 00 00 00
 00 00 00 00 00 00 00 00 00 00 00 00 00 00 00 00
 00 00 00 00 00 00 00 00 00 00 00 00 00 00 00 00
 00 00 00 00 00 00 00 00 00 00 00 00 00 00 00 00
 00 00 00 00 00 00 00 00 00 00 00 00 00 00 00 00
 00 00 00 00 00 00 00 00 00 00 00 00 00 00 00 00
 00 00 00 00 00 00 00 00 00 00 00 00 00 00 00 00
 00 00 00 00 00 00 00 00 00 00 00 00 00 00 00 00
 00 00 00 00 00 00 00 00 00 00 00 00 00 00 00 00
 00 00 00 00 00 00 00 00 00 00 00 00 00 00 00 00
 00 00 00 00 00 00 00 00 00 00 00 00 00 00 00 00
 00 00 00 00 00 00 00 00 00 00 00 00 00 00 00 00
 00 00 00 00 00 00 00 00 00 00 00 00 00 00 00 00
 00 00 00 00 00 00 00 00 00 00 00 00 00 00 00 00
 00 00 00 00 00 00 00 00 00 00 00 00 00 00 00 00
 00 00 00 00 00 00 00 00 00 00 00 00 00 00 00 00
 00 00 00 00 00 00 00 00 00 00 00 00 00 00 00 00
 00 00 00 00 00 00 00 00 00 00 00 00 00 00 00 00
 00 00 00 00 00 00 00 00 00 00 00 00 00 00 00 00
 00 00 00 00 00 00 00 00 00 00 00 00 00 00 00 00
 00 00 00 00 00 00 00 00 00 00 00 00 00 00 00 00
 00 00 00 00 00 00 00 00 00 00 00 00 00 00 00 00
 00 00 00 00 00 00 00 00 00 00 00 00 00 00 00 00
 00 00 00 00 00 00 00 00 00 00 00 00 00 00 00 00
 00 00 00 00 00 00 00 00 00 00 00 00 00 00 00 00
 00 00 00 00 00 00 00 00 00 00 00 00 00 00 00 00
 00 00 00 00 00 00 00 00 00 00 00 00 00 00 00 00
 00 00 00 00 00 00 00 00 00 00 00 00 00 00 00 00
 00 00 00 00 00 00 00 00 00 00 00 00 00 00 00 00
 00 00 00 00 00 00 00 00 00 00 00 00 00 00 00 00
 00 00 00 00 00 00 00 00 00 00 00 00 00 00 00 00
 00 00 00 00 00 00 00 00 00 00 00 00 00 00 00 00
 00 00 00 00 00 00 00 00 00 00 00 00 00 00 00 00
 00 00 00 00 00 00 00 00 00 00 00 00 00 00 00 00
 00 00 00 00 00 00 00 00 00 00 00 00 00 00 00 00
 00 00 00 00 00 00 00 00 00 00 00 00 00 00 00 00
 00 00 00 00 00 00 00 00 00 00 00 00 00 00 00 00
 00 00 00 00 00 00 00 00 00 00 00 00 00 00 00 00
 00 00 00 00 00 00 00 00 00 00 00 00 00 00 00 00
 00 00 00 00 00 00 00 00 00 00 00 00 00 00 00 00
 00 00 00 00 00 00 00 00 00 00 00 00 00 00 00 00
 00 00 00 00 00 00 00 00 00 00 00 00 00 00 00 00
 00 00 00 00 00 00 00 00 00 00 00 00 00 00 00 00
 00 00 00 00 00 00 00 00 00 00 00 00 00 00 00 00
 00 00 00 00 00 00 00 00 00 00 00 00 00 00 00 00
 00 00 00 00 00 00 00 00 00 00 00 00 00 00 00 00
 00 00 00 00 00 00 00 00 00 00 00 00 00 00 00 00
 00 00 00 00 00 00 00 00 00 00 00 00 00 00 00 00
 00 00 00 00 00 00 00 00 00 00 00 00 00 00 00 00
 00 00 00 00 00 00 00 00 00 00 00 00 00 00 00 00
 00 00 00 00 00 00 00 00 00 00 00 00 00 00 00 00
 00 00 00 00 00 00 00 00 00 00 00 00 00 00 00 00
 00 00 00 00 00 00 00 00 00 00 00 00 00 00 00 00
 00 00 00 00 00 00 00 00 00 00 00 00 00 00 00 00
 00 00 00 00 00 00 00 00 00 00 00 00 00 00 00 00
 00 00 00 00 00 00 00 00 00 00 00 00 00 00 00 00
 00 00 00 00 00 00 00 00 00 00 00 00 00 00 00 00
 00 00 00 00 00 00 00 00 00 00 00 00 00 00 00 00
 00 00 00 00 00 00 00 00 00 00 00 00 00 00 00 00
 00 00 00 00 00 00 00 00 00 00 00 00 00 00 00 00
 00 00 00 00 00 00 00 00 00 00 00 00 00 00 00 00
 00 00 00 00 00 00 00 00 00 00 00 00 00 00 00 00
 00 00 00 00 00 00 00 00 00 00 00 00 00 00 00 00
 00 00 00 00 00 00 00 00 00 00 00 00 00 00 00 00
 00 00 00 00 00 00 00 00 00 00 00 00 00 00 00 00
 00 00 00 00 00 00 00 00 00 00 00 00 00 00 00 00
 00 00 00 00 00 00 00 00 00 00 00 00 00 00 00 00
 00 00 00 00 00 00 00 00 00 00 00 00 00 00 00 00
 00 00 00 00 00 00 00 00 00 00 00 00 00 00 00 00
 00 00 00 00 00 00 00 00 00 00 00 00 00 00 00 00
 00 00 00 00 00 00 00 00 00 00 00 00 00 00 00 00
 00 00 00 00 00 00 00 00 00 00 00 00 00 00 00 00
 00 00 00 00 00 00 00 00 00 00 00 00 00 00 00 00
 00 00 00 00 00 00 00 00 00 00 00 00 00 00 00 00
 00 00 00 00 00 00 00 00 00 00 00 00 00 00 00 00
 00 00 00 00 00 00 00 00 00 00 00 00 00 00 00 00
 00 00 00 00 00 00 00 00 00 00 00 00 00 00 00 00
 00 00 00 00 00 00 00 00 00 00 00 00 00 00 00 00
 00 00 00 00 00 00 00 00 00 00 00 00 00 00 00 00
 00 00 00 00 00 00 00 00 00 00 00 00 00 00 00 00
 00 00 00 00 00 00 00 00 00 00 00 00 00 00 00 00
 00 00 00 00 00 00 00 00 00 00 00 00 00 00 00 00
 00 00 00 00 00 00 00 00 00 00 00 00 00 00 00 00
 00 00 00 00 00 00 00 00 00 00 00 00 00 00 00 00
 00 00 00 00 00 00 00 00 00 00 00 00 00 00 00 00
 00 00 00 00 00 00 00 00 00 00 00 00 00 00 00 00
 00 00 00 00 00 00 00 00 00 00 00 00 00 00 00 00
 00 00 00 00 00 00 00 00 00 00 00 00 00 00 00 00
 00 00 00 00 00 00 00 00 00 00 00 00 00 00 00 00
 00 00 00 00 00 00 00 00 00 00 00 00 00 00 00 00
 00 00 00 00 00 00 00 00 00 00 00 00 00 00 00 00
 00 00 00 00 00 00 00 00 00 00 00 00 00 00 00 00
 00 00 00 00 00 00 00 00 00 00 00 00 00 00 00 00
 00 00 00 00 00 00 00 00 00 00 00 00 00 00 00 00
 00 00 00 00 00 00 00 00 00 00 00 00 00 00 00 00
 00 00 00 00 00 00 00 00 00 00 00 00 00 00 00 00
 00 00 00 00 00 00 00 00 00 00 00 00 00 00 00 00
 00 00 00 00 00 00 00 00 00 00 00 00 00 00 00 00
 00 00 00 00 00 00 00 00 00 00 00 00 00 00 00 00
 00 00 00 00 00 00 00 00 00 00 00 00 00 00 00 00
 00 00 00 00 00 00 00 00 00 00 00 00 00 00 00 00
 00 00 00 00 00 00 00 00 00 00 00 00 00 00 00 00
 00 00 00 00 00 00 00 00 00 00 00 00 00 00 00 00
 00 00 00 00 00 00 00 00 00 00 00 00 00 00 00 00
 00 00 00 00 00 00 00 00 00 00 00 00 00 00 00 00
 00 00 00 00 00 00 00 00 00 00 00 00 00 00 00 00
 00 00 00 00 00 00 00 00 00 00 00 00 00 00 00 00
 00 00 00 00 00 00 00 00 00 00 00 00 00 00 00 00
 00 00 00 00 00 00 00 00 00 00 00 00 00 00 00 00
 00 00 00 00 00 00 00 00 00 00 00 00 00 00 00 00
 00 00 00 00 00 00 00 00 00 00 00 00 00 00 00 00
 00 00 00 00 00 00 00 00 00 00 00 00 00 00 00 00
 00 00 00 00 00 00 00 00 00 00 00 00 00 00 00 00
 00 00 00 00 00 00 00 00 00 00 00 00 00 00 00 00
 00 00 00 00 00 00 00 00 00 00 00 00 00 00 00 00
 00 00 00 00 00 00 00 00 00 00 00 00 00 00 00 00
 00 00 00 00 00 00 00 00 00 00 00 00 00 00 00 00
 00 00 00 00 00 00 00 00 00 00 00 00 00 00 00 00
 00 00 00 00 00 00 00 00 00 00 00 00 00 00 00 00
 00 00 00 00 00 00 00 00 00 00 00 00 00 00 00 00
 00 00 00 00 00 00 00 00 00 00 00 00 00 00 00 00
 00 00 00 00 00 00 00 00 00 00 00 00 00 00 00 00
 00 00 00 00 00 00 00 00 00 00 00 00 00 00 00 00
 00 00 00 00 00 00 00 00 00 00 00 00 00 00 00 00
 00 00 00 00 00 00 00 00 00 00 00 00 00 00 00 00
 00 00 00 00 00 00 00 00 00 00 00 00 00 00 00 00
 00 00 00 00 00 00 00 00 00 00 00 00 00 00 00 00
 00 00 00 00 00 00 00 00 00 00 00 00 00 00 00 00
 00 00 00 00 00 00 00 00 00 00 00 00 00 00 00 00
 00 00 00 00 00 00 00 00 00 00 00 00 00 00 00 00
 00 00 00 00 00 00 00 00 00 00 00 00 00 00 00 00
 00 00 00 00 00 00 00 00 00 00 00 00 00 00 00 00
 00 00 00 00 00 00 00 00 00 00 00 00 00 00 00 00
 00 00 00 00 00 00 00 00 00 00 00 00 00 00 00 00
 00 00 00 00 00 00 00 00 00 00 00 00 00 00 00 00
 00 00 00 00 00 00 00 00 00 00 00 00 00 00 00 00
 00 00 00 00 00 00 00 00 00 00 00 00 00 00 00 00
 00 00 00 00 00 00 00 00 00 00 00 00 00 00 00 00
 00 00 00 00 00 00 00 00 00 00 00 00 00 00 00 00
 00 00 00 00 00 00 00 00 00 00 00 00 00 00 00 00
 00 00 00 00 00 00 00 00 00 00 00 00 00 00 00 00
 00 00 00 00 00 00 00 00 00 00 00 00 00 00 00 00
 00 00 00 00 00 00 00 00 00 00 00 00 00 00 00 00
 00 00 00 00 00 00 00 00 00 00 00 00 00 00 00 00
 00 00 00 00 00 00 00 00 00 00 00 00 00 00 00 00
 00 00 00 00 00 00 00 00 00 00 00 00 00 00 00 00
 00 00 00 00 00 00 00 00 00 00 00 00 00 00 00 00
 00 00 00 00 00 00 00 00 00 00 00 00 00 00 00 00
 00 00 00 00 00 00 00 00 00 00 00 00 00 00 00 00
 00 00 00 00 00 00 00 00 00 00 00 00 00 00 00 00
 00 00 00 00 00 00 00 00 00 00 00 00 00 00 00 00
 00 00 00 00 00 00 00 00 00 00 00 00 00 00 00 00
 00 00 00 00 00 00 00 00 00 00 00 00 00 00 00 00
 00 00 00 00 00 00 00 00 00 00 00 00 00 00 00 00
 00 00 00 00 00 00 00 00 00 00 00 00 00 00 00 00
 00 00 00 00 00 00 00 00 00 00 00 00 00 00 00 00
 00 00 00 00 00 00 00 00 00 00 00 00 00 00 00 00
 00 00 00 00 00 00 00 00 00 00 00 00 00 00 00 00
 00 00 00 00 00 00 00 00 00 00 00 00 00 00 00 00
 00 00 00 00 00 00 00 00 00 00 00 00 00 00 00 00
 00 00 00 00 00 00 00 00 00 00 00 00 00 00 00 00
 00 00 00 00 00 00 00 00 00 00 00 00 00 00 00 00
 00 00 00 00 00 00 00 00 00 00 00 00 00 00 00 00
 00 00 00 00 00 00 00 00 00 00 00 00 00 00 00 00
 00 00 00 00 00 00 00 00 00 00 00 00 00 00 00 00
 00 00 00 00 00 00 00 00 00 00 00 00 00 00 00 00
 00 00 00 00 00 00 00 00 00 00 00 00 00 00 00 00
 00 00 00 00 00 00 00 00 00 00 00 00 00 00 00 00
 00 00 00 00 00 00 00 00 00 00 00 00 00 00 00 00
 00 00 00 00 00 00 00 00 00 00 00 00 00 00 00 00
 00 00 00 00 00 00 00 00 00 00 00 00 00 00 00 00
 00 00 00 00 00 00 00 00 00 00 00 00 00 00 00 00
 00 00 00 00 00 00 00 00 00 00 00 00 00 00 00 00
 00 00 00 00 00 00 00 00 00 00 00 00 00 00 00 00
 00 00 00 00 00 00 00 00 00 00 00 00 00 00 00 00
 00 00 00 00 00 00 00 00 00 00 00 00 00 00 00 00
 00 00 00 00 00 00 00 00 00 00 00 00 00 00 00 00
 00 00 00 00 00 00 00 00 00 00 00 00 00 00 00 00
 00 00 00 00 00 00 00 00 00 00 00 00 00 00 00 00
 00 00 00 00 00 00 00 00 00 00 00 00 00 00 00 00
 00 00 00 00 00 00 00 00 00 00 00 00 00 00 00 00
 00 00 00 00 00 00 00 00 00 00 00 00 00 00 00 00
 00 00 00 00 00 00 00 00 00 00 00 00 00 00 00 00
 00 00 00 00 00 00 00 00 00 00 00 00 00 00 00 00
 00 00 00 00 00 00 00 00 00 00 00 00 00 00 00 00
 00 00 00 00 00 00 00 00 00 00 00 00 00 00 00 00
 00 00 00 00 00 00 00 00 00 00 00 00 00 00 00 00
 00 00 00 00 00 00 00 00 00 00 00 00 00 00 00 00
 00 00 00 00 00 00 00 00 00 00 00 00 00 00 00 00
 00 00 00 00 00 00 00 00 00 00 00 00 00 00 00 00
 00 00 00 00 00 00 00 00 00 00 00 00 00 00 00 00
 00 00 00 00 00 00 00 00 00 00 00 00 00 00 00 00
 00 00 00 00 00 00 00 00 00 00 00 00 00 00 00 00
 00 00 00 00 00 00 00 00 00 00 00 00 00 00 00 00
 00 00 00 00 00 00 00 00 00 00 00 00 00 00 00 00
 00 00 00 00 00 00 00 00 00 00 00 00 00 00 00 00
 00 00 00 00 00 00 00 00 00 00 00 00 00 00 00 00
 00 00 00 00 00 00 00 00 00 00 00 00 00 00 00 00
 00 00 00 00 00 00 00 00 00 00 00 00 00 00 00 00
 00 00 00 00 00 00 00 00 00 00 00 00 00 00 00 00
 00 00 00 00 00 00 00 00 00 00 00 00 00 00 00 00
 00 00 00 00 19 87 00 00 09 87 00 00 00 00 00 00
 01 00 00 00 10 00 00 00 01 00 00 00 ba 00 00 00
 0c 00 00 00 b1 85 00 00 0d 00 00 00 49 8d 00 00
 19 00 00 00 04 1f 01 00 1b 00 00 00 04 00 00 00
 1a 00 00 00 08 1f 01 00 1c 00 00 00 04 00 00 00
 f5 fe ff 6f b4 81 00 00 05 00 00 00 b4 83 00 00
 06 00 00 00 64 82 00 00 0a 00 00 00 ea 00 00 00
 0b 00 00 00 10 00 00 00 15 00 00 00 00 00 00 00
 03 00 00 00 00 20 01 00 02 00 00 00 98 00 00 00
 14 00 00 00 11 00 00 00 17 00 00 00 18 85 00 00
 11 00 00 00 08 85 00 00 12 00 00 00 10 00 00 00
 13 00 00 00 08 00 00 00 fe ff ff 6f c8 84 00 00
 ff ff ff 6f 02 00 00 00 f0 ff ff 6f 9e 84 00 00
 00 00 00 00 00 00 00 00 00 00 00 00 00 00 00 00
 00 00 00 00 00 00 00 00 00 00 00 00 00 00 00 00
 00 00 00 00 00 00 00 00 00 00 00 00 00 00 00 00
 10 1f 01 00 00 00 00 00 00 00 00 00 bc 85 00 00
 bc 85 00 00 bc 85 00 00 bc 85 00 00 bc 85 00 00
 bc 85 00 00 bc 85 00 00 bc 85 00 00 bc 85 00 00
 bc 85 00 00 bc 85 00 00 bc 85 00 00 bc 85 00 00
 bc 85 00 00 bc 85 00 00 bc 85 00 00 bc 85 00 00
 bc 85 00 00 bc 85 00 00 00 00 00 00 00 00 00 00
 00 00 00 00 55 00 00 00 aa 00 00 00 10 00 00 00
 18 00 00 00 17 00 00 00 06 00 00 00 07 00 00 00
 47 43 43 3a 20 28 55 62 75 6e 74 75 2f 4c 69 6e
 61 72 6f 20 34 2e 36 2e 33 2d 31 75 62 75 6e 74
 75 35 29 20 34 2e 36 2e 33 00 41 34 00 00 00 61
 65 61 62 69 00 01 2a 00 00 00 05 37 2d 41 00 06
 0a 07 41 08 01 09 02 0a 04 12 04 14 01 15 01 17
 03 18 01 19 01 1a 02 1b 03 1c 01 22 01 2c 01 00
 2e 73 68 73 74 72 74 61 62 00 2e 69 6e 74 65 72
 70 00 2e 6e 6f 74 65 2e 41 42 49 2d 74 61 67 00
 2e 6e 6f 74 65 2e 67 6e 75 2e 62 75 69 6c 64 2d
 69 64 00 2e 67 6e 75 2e 68 61 73 68 00 2e 64 79
 6e 73 79 6d 00 2e 64 79 6e 73 74 72 00 2e 67 6e
 75 2e 76 65 72 73 69 6f 6e 00 2e 67 6e 75 2e 76
 65 72 73 69 6f 6e 5f 72 00 2e 72 65 6c 2e 64 79
 6e 00 2e 72 65 6c 2e 70 6c 74 00 2e 69 6e 69 74
 00 2e 74 65 78 74 00 2e 66 69 6e 69 00 2e 72 6f
 64 61 74 61 00 2e 41 52 4d 2e 65 78 69 64 78 00
 2e 65 68 5f 66 72 61 6d 65 00 2e 69 6e 69 74 5f
 61 72 72 61 79 00 2e 66 69 6e 69 5f 61 72 72 61
 79 00 2e 6a 63 72 00 2e 64 79 6e 61 6d 69 63 00
 2e 67 6f 74 00 2e 64 61 74 61 00 2e 62 73 73 00
 2e 63 6f 6d 6d 65 6e 74 00 2e 41 52 4d 2e 61 74
 74 72 69 62 75 74 65 73 00 00 00 00 00 00 00 00
 00 00 00 00 00 00 00 00 00 00 00 00 00 00 00 00
 00 00 00 00 00 00 00 00 00 00 00 00 00 00 00 00
 00 00 00 00 0b 00 00 00 01 00 00 00 02 00 00 00
 54 81 00 00 54 01 00 00 19 00 00 00 00 00 00 00
 00 00 00 00 01 00 00 00 00 00 00 00 13 00 00 00
 07 00 00 00 02 00 00 00 70 81 00 00 70 01 00 00
 20 00 00 00 00 00 00 00 00 00 00 00 04 00 00 00
 00 00 00 00 21 00 00 00 07 00 00 00 02 00 00 00
 90 81 00 00 90 01 00 00 24 00 00 00 00 00 00 00
 00 00 00 00 04 00 00 00 00 00 00 00 34 00 00 00
 f6 ff ff 6f 02 00 00 00 b4 81 00 00 b4 01 00 00
 b0 00 00 00 05 00 00 00 00 00 00 00 04 00 00 00
 04 00 00 00 3e 00 00 00 0b 00 00 00 02 00 00 00
 64 82 00 00 64 02 00 00 50 01 00 00 06 00 00 00
 01 00 00 00 04 00 00 00 10 00 00 00 46 00 00 00
 03 00 00 00 02 00 00 00 b4 83 00 00 b4 03 00 00
 ea 00 00 00 00 00 00 00 00 00 00 00 01 00 00 00
 00 00 00 00 4e 00 00 00 ff ff ff 6f 02 00 00 00
 9e 84 00 00 9e 04 00 00 2a 00 00 00 05 00 00 00
 00 00 00 00 02 00 00 00 02 00 00 00 5b 00 00 00
 fe ff ff 6f 02 00 00 00 c8 84 00 00 c8 04 00 00
 40 00 00 00 06 00 00 00 02 00 00 00 04 00 00 00
 00 00 00 00 6a 00 00 00 09 00 00 00 02 00 00 00
 08 85 00 00 08 05 00 00 10 00 00 00 05 00 00 00
 00 00 00 00 04 00 00 00 08 00 00 00 73 00 00 00
 09 00 00 00 02 00 00 00 18 85 00 00 18 05 00 00
 98 00 00 00 05 00 00 00 0c 00 00 00 04 00 00 00
 08 00 00 00 7c 00 00 00 01 00 00 00 06 00 00 00
 b0 85 00 00 b0 05 00 00 0a 00 00 00 00 00 00 00
 00 00 00 00 04 00 00 00 00 00 00 00 77 00 00 00
 01 00 00 00 06 00 00 00 bc 85 00 00 bc 05 00 00
 fc 00 00 00 00 00 00 00 00 00 00 00 04 00 00 00
 04 00 00 00 82 00 00 00 01 00 00 00 06 00 00 00
 b8 86 00 00 b8 06 00 00 90 06 00 00 00 00 00 00
 00 00 00 00 04 00 00 00 00 00 00 00 88 00 00 00
 01 00 00 00 06 00 00 00 48 8d 00 00 48 0d 00 00
 06 00 00 00 00 00 00 00 00 00 00 00 04 00 00 00
 00 00 00 00 8e 00 00 00 01 00 00 00 02 00 00 00
 50 8d 00 00 50 0d 00 00 88 02 00 00 00 00 00 00
 00 00 00 00 04 00 00 00 00 00 00 00 96 00 00 00
 01 00 00 70 82 00 00 00 d8 8f 00 00 d8 0f 00 00
 08 00 00 00 0d 00 00 00 00 00 00 00 04 00 00 00
 00 00 00 00 a1 00 00 00 01 00 00 00 02 00 00 00
 e0 8f 00 00 e0 0f 00 00 04 00 00 00 00 00 00 00
 00 00 00 00 04 00 00 00 00 00 00 00 ab 00 00 00
 0e 00 00 00 03 00 00 00 04 1f 01 00 04 1f 00 00
 04 00 00 00 00 00 00 00 00 00 00 00 04 00 00 00
 00 00 00 00 b7 00 00 00 0f 00 00 00 03 00 00 00
 08 1f 01 00 08 1f 00 00 04 00 00 00 00 00 00 00
 00 00 00 00 04 00 00 00 00 00 00 00 c3 00 00 00
 01 00 00 00 03 00 00 00 0c 1f 01 00 0c 1f 00 00
 04 00 00 00 00 00 00 00 00 00 00 00 04 00 00 00
 00 00 00 00 c8 00 00 00 06 00 00 00 03 00 00 00
 10 1f 01 00 10 1f 00 00 f0 00 00 00 06 00 00 00
 00 00 00 00 04 00 00 00 08 00 00 00 d1 00 00 00
 01 00 00 00 03 00 00 00 00 20 01 00 00 20 00 00
 5c 00 00 00 00 00 00 00 00 00 00 00 04 00 00 00
 04 00 00 00 d6 00 00 00 01 00 00 00 03 00 00 00
 5c 20 01 00 5c 20 00 00 24 00 00 00 00 00 00 00
 00 00 00 00 04 00 00 00 00 00 00 00 dc 00 00 00
 08 00 00 00 03 00 00 00 80 20 01 00 80 20 00 00
 38 00 00 00 00 00 00 00 00 00 00 00 08 00 00 00
 00 00 00 00 e1 00 00 00 01 00 00 00 30 00 00 00
 00 00 00 00 80 20 00 00 2a 00 00 00 00 00 00 00
 00 00 00 00 01 00 00 00 01 00 00 00 ea 00 00 00
 03 00 00 70 00 00 00 00 00 00 00 00 aa 20 00 00
 35 00 00 00 00 00 00 00 00 00 00 00 01 00 00 00
 00 00 00 00 01 00 00 00 03 00 00 00 00 00 00 00
 00 00 00 00 df 20 00 00 fa 00 00 00 00 00 00 00
 00 00 00 00 01 00 00 00 00 00 00 00
